0 0.051538 0.536724
1 0.330128 0.0976772
2 0.12662 0.23448
3 0.210465 0.308186
4 0.269282 0.714407
5 0.161235 0.835805
6 0.253653 0.780425
7 0.263309 0.213687
8 0.513664 0.344887
9 0.544507 0.283724
10 0.21038 0.694788
11 0.190631 0.578457
12 0.194905 0.538836
13 0.252141 0.263972
14 0.655232 0.323008
15 0.631318 0.298856
16 0.285027 0.781687
17 0.210441 0.441114
18 0.698291 0.376242
19 0.397626 0.297611
20 0.727598 0.280105
21 0.253228 0.361897
22 0.712421 0.3617
23 0.773316 0.952474
24 0.470791 0.991329
25 0.922772 0.749861
26 0.701347 0.615249
27 0.599626 0.898872
28 0.463232 0.356064
29 0.777336 0.669468
30 0.596273 0.278542
31 0.827146 0.678603
32 0.919102 0.384588
33 0.678032 0.145763
